#Liste des entités
#0->Monster 1->Heal 2->Armor 3->Ammo 4->Red Key 5-> Yellow Key 6-> Blue Key
#Monstres
0 150.52 43.1568 359.382 20
0 -439.043 43.1568 1059.26 40
0 -424.366 43.1568 696.391 10
0 -640.073 43.1568 691.08 10
0 -970.652 43.1568 694.469 10
0 -1061.01 43.1568 883.547 10
0 -972.606 43.1568 1031.94 20
0 -764.009 43.1568 1039.5 30
0 -605.39 43.1568 988.227 10
0 -197.639 43.1568 765.956 10
0 -100.954 43.1568 509.098 20
0 160.491 43.1568 248.847 10
0 382.249 43.1568 216.487 10
0 673.691 107.952 210.207 10
0 -1196.64 9.98532 -1120.36 10
0 -1188.35 9.98532 -1533.02 10
0 -1408.6 9.98532 -1527.89 10
0 -1397.59 9.98532 -1697.25 10
0 -1626.26 9.98532 -1502.28 10
0 -1656.74 9.98532 -1199.91 10
0 -1571.23 9.98532 -1369.39 10
0 -1143.03 9.98532 -1476.04 10
0 -1420.27 9.98532 -1415.56 10
0 -1398.69 9.98532 -1070.17 10
0 -1397.8 9.98532 -883.414 10
0 -1402.31 9.98532 -674.581 10
0 -1375.91 9.98532 -523.443 10
0 -1355.98 9.98532 -419.345 10
0 -1426.8 9.98532 -211.346 10
0 -1484.51 9.98532 -70.5148 10
0 -1474.1 9.98532 115.846 10
0 -1443.15 9.98532 298.546 10
0 -1396.02 9.98532 429.654 10
0 -1302.44 22.1258 585.081 10
0 -1156.98 43.1568 712.944 10
0 -1034.62 43.1568 746.356 10
#Loots
#Heal
1 742.427 105.396 209.159 40
1 168.56 35.1568 49.6201 20
1 -511.132 35.1568 1072.72 20
1 -1346.71 -2.98532 176.6 20
#Armor
2 -25.8017 30.8396 227.495 20
2-1006.46 36.1568 812.694 20
2 -1010.5 36.1568 923.513 20
#Ammos
3 28.2871 30.8396 228.597 0 20 0 0 0 0
3 -1008.25 36.1568 860.161 0 20 0 0 0 0
3-1609.5 2.98532 321.473 0 20 0 0 0 0
#Keys
6 -139.246 36.8396 221.007
5 399.423 43.1568 295.824
4 -857.568 53.6606 857.025


